 480.729771 500.343342 516.024012 527.766632 536.885275 545.815735 553.248350 559.662091 566.048535 572.100693
 500.343342 516.024012 527.766632 536.885275 545.815735 553.248350 559.662091 566.048535 572.100693 577.831620
 516.024012 527.766632 536.885275 545.815735 553.248350 559.662091 566.048535 572.100693 577.831620 583.526202
 527.766632 536.885275 545.815735 553.248350 559.662091 566.048535 572.100693 577.831620 583.526202 589.108447
 536.885275 545.815735 553.248350 559.662091 566.048535 572.100693 577.831620 583.526202 589.108447 595.218713
 545.815735 553.248350 559.662091 566.048535 572.100693 577.831620 583.526202 589.108447 595.218713 601.726320
 553.248350 559.662091 566.048535 572.100693 577.831620 583.526202 589.108447 595.218713 595.218713 608.144900
 559.662091 566.048535 572.100693 577.831620 583.526202 589.108447 595.218713 595.218713 595.218713 614.679766
 566.048535 572.100693 577.831620 583.526202 589.108447 595.218713 595.218713 595.218713 595.218713 621.245919
 572.100693 577.831620 583.526202 589.108447 595.218713 595.218713 595.218713 595.218713 595.218713 627.083775
 577.831620 583.526202 589.108447 595.218713 595.218713 595.218713 595.218713 595.218713 595.218713 634.371494
 583.526202 589.108447 595.218713 595.218713 595.218713 595.218713 595.218713 595.218713 595.218713 639.722307
 589.108447 595.218713 595.218713 595.218713 595.218713 595.218713 595.218713 595.218713 595.218713 641.520072
 595.218713 595.218713 595.218713 595.218713 595.218713 595.218713 595.218713 595.218713 595.218713 645.569390
 595.218713 595.218713 595.218713 595.218713 595.218713 595.218713 595.218713 595.218713 595.218713 647.772620
 595.218713 595.218713 595.218713 595.218713 595.218713 595.218713 595.218713 595.218713 595.218713 648.531108
 595.218713 595.218713 595.218713 595.218713 595.218713 595.218713 595.218713 595.218713 595.218713 648.800016
 595.218713 595.218713 595.218713 595.218713 595.218713 595.218713 595.218713 595.218713 595.218713 648.456230
 595.218713 595.218713 595.218713 595.218713 595.218713 595.218713 595.218713 595.218713 595.218713 648.033510
 595.218713 595.218713 595.218713 595.218713 595.218713 595.218713 595.218713 595.218713 595.218713 647.624978
 595.218713 595.218713 595.218713 595.218713 595.218713 595.218713 595.218713 595.218713 595.218713 646.706965
 595.218713 595.218713 595.218713 595.218713 595.218713 595.218713 595.218713 595.218713 595.218713 646.154133
 595.218713 595.218713 595.218713 595.218713 595.218713 595.218713 595.218713 595.218713 595.218713 645.473862
 595.218713 595.218713 595.218713 595.218713 595.218713 595.218713 595.218713 595.218713 595.218713 645.276781
 595.218713 595.218713 595.218713 595.218713 595.218713 595.218713 595.218713 595.218713 595.218713 645.020430
 595.218713 595.218713 595.218713 595.218713 595.218713 595.218713 595.218713 595.218713 595.218713 595.218713
 595.218713 595.218713 595.218713 595.218713 595.218713 595.218713 595.218713 595.218713 595.218713 595.218713
 595.218713 595.218713 595.218713 595.218713 595.218713 595.218713 595.218713 595.218713 595.218713 595.218713
 595.218713 595.218713 595.218713 595.218713 595.218713 595.218713 595.218713 595.218713 595.218713 595.218713
 595.218713 595.218713 595.218713 595.218713 595.218713 595.218713 595.218713 595.218713 595.218713 595.218713
 595.218713 595.218713 595.218713 595.218713 595.218713 595.218713 595.218713 595.218713 595.218713 595.218713
 595.218713 595.218713 595.218713 595.218713 595.218713 595.218713 595.218713 595.218713 595.218713 595.218713
 595.218713 595.218713 595.218713 595.218713 595.218713 595.218713 595.218713 595.218713 595.218713 595.218713
 595.218713 595.218713 595.218713 595.218713 595.218713 595.218713 595.218713 595.218713 595.218713 595.218713
 595.218713 595.218713 595.218713 595.218713 595.218713 595.218713 595.218713 595.218713 595.218713 595.218713
 595.218713 595.218713 595.218713 595.218713 595.218713 595.218713 595.218713 595.218713 595.218713 595.218713
 595.218713 595.218713 595.218713 595.218713 595.218713 595.218713 595.218713 595.218713 595.218713 595.218713
 595.218713 595.218713 595.218713 595.218713 595.218713 595.218713 595.218713 595.218713 595.218713 595.218713
 595.218713 595.218713 595.218713 595.218713 595.218713 595.218713 595.218713 595.218713 595.218713 595.218713
 595.218713 595.218713 595.218713 595.218713 595.218713 595.218713 595.218713 595.218713 595.218713 595.218713
 595.218713 595.218713 595.218713 595.218713 595.218713 595.218713 595.218713 595.218713 595.218713 595.218713
 595.218713 595.218713 595.218713 595.218713 595.218713 595.218713 595.218713 595.218713 595.218713 595.218713
 595.218713 595.218713 595.218713 595.218713 595.218713 595.218713 595.218713 595.218713 595.218713 595.218713
 595.218713 595.218713 595.218713 595.218713 595.218713 595.218713 595.218713 595.218713 595.218713 595.218713
 595.218713 595.218713 595.218713 595.218713 595.218713 595.218713 595.218713 595.218713 595.218713 595.218713
 595.218713 595.218713 595.218713 595.218713 595.218713 595.218713 595.218713 595.218713 595.218713 595.218713
 595.218713 595.218713 595.218713 595.218713 595.218713 595.218713 595.218713 595.218713 595.218713 595.218713
 595.218713 595.218713 595.218713 595.218713 595.218713 595.218713 595.218713 595.218713 595.218713 595.218713
 595.218713 595.218713 595.218713 595.218713 595.218713 595.218713 595.218713 595.218713 595.218713 595.218713
 595.218713 595.218713 595.218713 595.218713 595.218713 595.218713 595.218713 595.218713 595.218713 595.218713
 595.218713 595.218713 595.218713 595.218713 595.218713 595.218713 595.218713 595.218713 595.218713 595.218713
 595.218713 595.218713 595.218713 595.218713 595.218713 595.218713 595.218713 595.218713 595.218713 595.218713
 595.218713 595.218713 595.218713 595.218713 595.218713 595.218713 595.218713 595.218713 595.218713 595.218713
 595.218713 595.218713 595.218713 595.218713 595.218713 595.218713 595.218713 595.218713 595.218713 595.218713
 595.218713 595.218713 595.218713 595.218713 595.218713 595.218713 595.218713 595.218713 595.218713 595.218713
 595.218713 595.218713 595.218713 595.218713 595.218713 595.218713 595.218713 595.218713 595.218713 595.218713
 595.218713 595.218713 595.218713 595.218713 595.218713 595.218713 595.218713 595.218713 595.218713 595.218713
 595.218713 595.218713 595.218713 595.218713 595.218713 595.218713 595.218713 595.218713 595.218713 595.218713
 595.218713 595.218713 595.218713 595.218713 595.218713 595.218713 595.218713 595.218713 595.218713 595.218713
 595.218713 595.218713 595.218713 595.218713 595.218713 595.218713 595.218713 595.218713 595.218713 595.218713
 595.218713 595.218713 595.218713 595.218713 595.218713 595.218713 595.218713 595.218713 595.218713 595.218713
 595.218713 595.218713 595.218713 595.218713 595.218713 595.218713 595.218713 595.218713 595.218713 595.218713
 595.218713 595.218713 595.218713 595.218713 595.218713 595.218713 595.218713 595.218713 595.218713 595.218713
 595.218713 595.218713 595.218713 595.218713 595.218713 595.218713 595.218713 595.218713 595.218713 599.683505
 595.218713 595.218713 595.218713 595.218713 595.218713 595.218713 595.218713 595.218713 599.683505 599.683505
 595.218713 595.218713 595.218713 595.218713 595.218713 595.218713 595.218713 599.683505 599.683505 599.683505
 595.218713 595.218713 595.218713 595.218713 595.218713 595.218713 599.683505 599.683505 599.683505 599.683505
 595.218713 595.218713 595.218713 595.218713 595.218713 599.683505 599.683505 599.683505 599.683505 599.683505
 595.218713 595.218713 595.218713 595.218713 599.683505 599.683505 599.683505 599.683505 599.683505 599.683505
 595.218713 595.218713 595.218713 599.683505 599.683505 599.683505 599.683505 599.683505 599.683505 599.683505
 595.218713 595.218713 599.683505 599.683505 599.683505 599.683505 599.683505 599.683505 599.683505 599.683505
 595.218713 599.683505 599.683505 599.683505 599.683505 599.683505 599.683505 599.683505 599.683505 599.683505
 599.683505 599.683505 599.683505 599.683505 599.683505 599.683505 599.683505 599.683505 599.683505 599.683505
 599.683505 599.683505 599.683505 599.683505 599.683505 599.683505 599.683505 599.683505 599.683505 599.683505
 599.683505 599.683505 599.683505 599.683505 599.683505 599.683505 599.683505 599.683505 599.683505 599.683505
 599.683505 599.683505 599.683505 599.683505 599.683505 599.683505 599.683505 599.683505 599.683505 599.683505
 599.683505 599.683505 599.683505 599.683505 599.683505 599.683505 599.683505 599.683505 599.683505 599.683505
 599.683505 599.683505 599.683505 599.683505 599.683505 599.683505 599.683505 599.683505 599.683505 599.683505
 599.683505 599.683505 599.683505 599.683505 599.683505 599.683505 599.683505 599.683505 599.683505 599.683505
 599.683505 599.683505 599.683505 599.683505 599.683505 599.683505 599.683505 599.683505 599.683505 599.968959
 599.683505 599.683505 599.683505 599.683505 599.683505 599.683505 599.683505 599.683505 599.968959 599.968959
 599.683505 599.683505 599.683505 599.683505 599.683505 599.683505 599.683505 599.968959 599.968959 599.934082
 599.683505 599.683505 599.683505 599.683505 599.683505 599.683505 599.968959 599.968959 599.934082 599.750948
 599.683505 599.683505 599.683505 599.683505 599.683505 599.968959 599.968959 599.934082 599.750948 599.426971
 599.683505 599.683505 599.683505 599.683505 599.968959 599.968959 599.934082 599.750948 599.426971 598.969192
 599.683505 599.683505 599.683505 599.968959 599.968959 599.934082 599.750948 599.426971 598.969192 598.384303
 599.683505 599.683505 599.968959 599.968959 599.934082 599.750948 599.426971 598.969192 598.384303 597.678658
 599.683505 599.968959 599.968959 599.934082 599.750948 599.426971 598.969192 598.384303 597.678658 596.858296
 599.968959 599.968959 599.934082 599.750948 599.426971 598.969192 598.384303 597.678658 596.858296 595.928951
 599.968959 599.934082 599.750948 599.426971 598.969192 598.384303 597.678658 596.858296 595.928951 594.896074
 599.934082 599.750948 599.426971 598.969192 598.384303 597.678658 596.858296 595.928951 594.896074 593.764840
 599.750948 599.426971 598.969192 598.384303 597.678658 596.858296 595.928951 594.896074 593.764840 592.540168
 599.426971 598.969192 598.384303 597.678658 596.858296 595.928951 594.896074 593.764840 592.540168 591.226730
 598.969192 598.384303 597.678658 596.858296 595.928951 594.896074 593.764840 592.540168 591.226730 589.828964
 598.384303 597.678658 596.858296 595.928951 594.896074 593.764840 592.540168 591.226730 589.828964 588.351086
 597.678658 596.858296 595.928951 594.896074 593.764840 592.540168 591.226730 589.828964 588.351086 586.797102
 596.858296 595.928951 594.896074 593.764840 592.540168 591.226730 589.828964 588.351086 586.797102 585.170817
 595.928951 594.896074 593.764840 592.540168 591.226730 589.828964 588.351086 586.797102 585.170817 583.475847
 594.896074 593.764840 592.540168 591.226730 589.828964 588.351086 586.797102 585.170817 583.475847 581.715624
 593.764840 592.540168 591.226730 589.828964 588.351086 586.797102 585.170817 583.475847 581.715624 579.893413
 592.540168 591.226730 589.828964 588.351086 586.797102 585.170817 583.475847 581.715624 579.893413 578.012313
 591.226730 589.828964 588.351086 586.797102 585.170817 583.475847 581.715624 579.893413 578.012313 576.075268
 589.828964 588.351086 586.797102 585.170817 583.475847 581.715624 579.893413 578.012313 576.075268 574.085075
 588.351086 586.797102 585.170817 583.475847 581.715624 579.893413 578.012313 576.075268 574.085075 572.044391
 586.797102 585.170817 583.475847 581.715624 579.893413 578.012313 576.075268 574.085075 572.044391 569.955742
 585.170817 583.475847 581.715624 579.893413 578.012313 576.075268 574.085075 572.044391 569.955742 567.821525
 583.475847 581.715624 579.893413 578.012313 576.075268 574.085075 572.044391 569.955742 567.821525 565.644019
 581.715624 579.893413 578.012313 576.075268 574.085075 572.044391 569.955742 567.821525 565.644019 563.425388
 579.893413 578.012313 576.075268 574.085075 572.044391 569.955742 567.821525 565.644019 563.425388 561.167689
 578.012313 576.075268 574.085075 572.044391 569.955742 567.821525 565.644019 563.425388 561.167689 558.872875
 576.075268 574.085075 572.044391 569.955742 567.821525 565.644019 563.425388 561.167689 558.872875 556.542801
 574.085075 572.044391 569.955742 567.821525 565.644019 563.425388 561.167689 558.872875 556.542801 554.179231
 572.044391 569.955742 567.821525 565.644019 563.425388 561.167689 558.872875 556.542801 554.179231 551.783840
 569.955742 567.821525 565.644019 563.425388 561.167689 558.872875 556.542801 554.179231 551.783840 549.358218
 567.821525 565.644019 563.425388 561.167689 558.872875 556.542801 554.179231 551.783840 549.358218 546.903878
 565.644019 563.425388 561.167689 558.872875 556.542801 554.179231 551.783840 549.358218 546.903878 544.422254
 563.425388 561.167689 558.872875 556.542801 554.179231 551.783840 549.358218 546.903878 544.422254 541.914712
 561.167689 558.872875 556.542801 554.179231 551.783840 549.358218 546.903878 544.422254 541.914712 539.382546
 558.872875 556.542801 554.179231 551.783840 549.358218 546.903878 544.422254 541.914712 539.382546 536.826989
 556.542801 554.179231 551.783840 549.358218 546.903878 544.422254 541.914712 539.382546 536.826989 534.249210
 554.179231 551.783840 549.358218 546.903878 544.422254 541.914712 539.382546 536.826989 534.249210 531.650320
 551.783840 549.358218 546.903878 544.422254 541.914712 539.382546 536.826989 534.249210 531.650320 529.031374
